2500 2 1
0.000000 0.000000 0.000000
0.000000 0.020408 0.000000
0.000000 0.040816 0.000000
0.000000 0.061224 0.000000
0.000000 0.081633 0.000000
0.000000 0.102041 0.000000
0.000000 0.122449 0.000000
0.000000 0.142857 0.000000
0.000000 0.163265 0.000000
0.000000 0.183673 0.000000
0.000000 0.204082 0.000000
0.000000 0.224490 0.000000
0.000000 0.244898 0.000000
0.000000 0.265306 0.000000
0.000000 0.285714 0.000000
0.000000 0.306122 0.000000
0.000000 0.326531 0.000000
0.000000 0.346939 0.000000
0.000000 0.367347 0.000000
0.000000 0.387755 0.000000
0.000000 0.408163 0.000000
0.000000 0.428571 0.000000
0.000000 0.448980 0.000000
0.000000 0.469388 0.000000
0.000000 0.489796 0.000000
0.000000 0.510204 0.000000
0.000000 0.530612 0.000000
0.000000 0.551020 0.000000
0.000000 0.571429 0.000000
0.000000 0.591837 0.000000
0.000000 0.612245 0.000000
0.000000 0.632653 0.000000
0.000000 0.653061 0.000000
0.000000 0.673469 0.000000
0.000000 0.693878 0.000000
0.000000 0.714286 0.000000
0.000000 0.734694 0.000000
0.000000 0.755102 0.000000
0.000000 0.775510 0.000000
0.000000 0.795918 0.000000
0.000000 0.816327 0.000000
0.000000 0.836735 0.000000
0.000000 0.857143 0.000000
0.000000 0.877551 0.000000
0.000000 0.897959 0.000000
0.000000 0.918367 0.000000
0.000000 0.938776 0.000000
0.000000 0.959184 0.000000
0.000000 0.979592 0.000000
0.000000 1.000000 0.000000
0.020408 0.000000 0.000000
0.020408 0.020408 0.004094
0.020408 0.040816 0.008204
0.020408 0.061224 0.012349
0.020408 0.081633 0.016545
0.020408 0.102041 0.020810
0.020408 0.122449 0.025161
0.020408 0.142857 0.029616
0.020408 0.163265 0.034194
0.020408 0.183673 0.038914
0.020408 0.204082 0.043795
0.020408 0.224490 0.048858
0.020408 0.244898 0.054123
0.020408 0.265306 0.059612
0.020408 0.285714 0.065348
0.020408 0.306122 0.071355
0.020408 0.326531 0.077657
0.020408 0.346939 0.084280
0.020408 0.367347 0.091252
0.020408 0.387755 0.098601
0.020408 0.408163 0.106358
0.020408 0.428571 0.114554
0.020408 0.448980 0.123223
0.020408 0.469388 0.132402
0.020408 0.489796 0.142126
0.020408 0.510204 0.152438
0.020408 0.530612 0.163378
0.020408 0.551020 0.174993
0.020408 0.571429 0.187329
0.020408 0.591837 0.200437
0.020408 0.612245 0.214371
0.020408 0.632653 0.229189
0.020408 0.653061 0.244951
0.020408 0.673469 0.261721
0.020408 0.693878 0.279569
0.020408 0.714286 0.298569
0.020408 0.734694 0.318797
0.020408 0.755102 0.340336
0.020408 0.775510 0.363277
0.020408 0.795918 0.387711
0.020408 0.816327 0.413741
0.020408 0.836735 0.441472
0.020408 0.857143 0.471018
0.020408 0.877551 0.502501
0.020408 0.897959 0.536050
0.020408 0.918367 0.571802
0.020408 0.938776 0.609904
0.020408 0.959184 0.650514
0.020408 0.979592 0.693796
0.020408 1.000000 0.739930
0.040816 0.000000 0.000000
0.040816 0.020408 0.008171
0.040816 0.040816 0.016375
0.040816 0.061224 0.024648
0.040816 0.081633 0.033022
0.040816 0.102041 0.041534
0.040816 0.122449 0.050218
0.040816 0.142857 0.059110
0.040816 0.163265 0.068248
0.040816 0.183673 0.077668
0.040816 0.204082 0.087410
0.040816 0.224490 0.097515
0.040816 0.244898 0.108023
0.040816 0.265306 0.118979
0.040816 0.285714 0.130428
0.040816 0.306122 0.142416
0.040816 0.326531 0.154994
0.040816 0.346939 0.168213
0.040816 0.367347 0.182128
0.040816 0.387755 0.196797
0.040816 0.408163 0.212278
0.040816 0.428571 0.228637
0.040816 0.448980 0.245940
0.040816 0.469388 0.264259
0.040816 0.489796 0.283669
0.040816 0.510204 0.304249
0.040816 0.530612 0.326085
0.040816 0.551020 0.349266
0.040816 0.571429 0.373888
0.040816 0.591837 0.400050
0.040816 0.612245 0.427862
0.040816 0.632653 0.457436
0.040816 0.653061 0.488895
0.040816 0.673469 0.522367
0.040816 0.693878 0.557990
0.040816 0.714286 0.595910
0.040816 0.734694 0.636283
0.040816 0.755102 0.679274
0.040816 0.775510 0.725061
0.040816 0.795918 0.773829
0.040816 0.816327 0.825781
0.040816 0.836735 0.881129
0.040816 0.857143 0.940100
0.040816 0.877551 1.002937
0.040816 0.897959 1.069896
0.040816 0.918367 1.141254
0.040816 0.938776 1.217303
0.040816 0.959184 1.298354
0.040816 0.979592 1.384742
0.040816 1.000000 1.476820
0.061224 0.000000 0.000000
0.061224 0.020408 0.012214
0.061224 0.040816 0.024479
0.061224 0.061224 0.036845
0.061224 0.081633 0.049364
0.061224 0.102041 0.062088
0.061224 0.122449 0.075069
0.061224 0.142857 0.088362
0.061224 0.163265 0.102021
0.061224 0.183673 0.116103
0.061224 0.204082 0.130666
0.061224 0.224490 0.145771
0.061224 0.244898 0.161480
0.061224 0.265306 0.177857
0.061224 0.285714 0.194971
0.061224 0.306122 0.212893
0.061224 0.326531 0.231695
0.061224 0.346939 0.251456
0.061224 0.367347 0.272257
0.061224 0.387755 0.294184
0.061224 0.408163 0.317326
0.061224 0.428571 0.341780
0.061224 0.448980 0.367646
0.061224 0.469388 0.395031
0.061224 0.489796 0.424046
0.061224 0.510204 0.454811
0.061224 0.530612 0.487452
0.061224 0.551020 0.522105
0.061224 0.571429 0.558910
0.061224 0.591837 0.598020
0.061224 0.612245 0.639594
0.061224 0.632653 0.683803
0.061224 0.653061 0.730830
0.061224 0.673469 0.780866
0.061224 0.693878 0.834118
0.061224 0.714286 0.890803
0.061224 0.734694 0.951155
0.061224 0.755102 1.015421
0.061224 0.775510 1.083865
0.061224 0.795918 1.156768
0.061224 0.816327 1.234429
0.061224 0.836735 1.317166
0.061224 0.857143 1.405320
0.061224 0.877551 1.499251
0.061224 0.897959 1.599347
0.061224 0.918367 1.706016
0.061224 0.938776 1.819699
0.061224 0.959184 1.940860
0.061224 0.979592 2.069997
0.061224 1.000000 2.207641
0.081633 0.000000 0.000000
0.081633 0.020408 0.016207
0.081633 0.040816 0.032481
0.081633 0.061224 0.048890
0.081633 0.081633 0.065502
0.081633 0.102041 0.082386
0.081633 0.122449 0.099611
0.081633 0.142857 0.117250
0.081633 0.163265 0.135374
0.081633 0.183673 0.154060
0.081633 0.204082 0.173385
0.081633 0.224490 0.193428
0.081633 0.244898 0.214272
0.081633 0.265306 0.236004
0.081633 0.285714 0.258714
0.081633 0.306122 0.282494
0.081633 0.326531 0.307443
0.081633 0.346939 0.333665
0.081633 0.367347 0.361266
0.081633 0.387755 0.390362
0.081633 0.408163 0.421071
0.081633 0.428571 0.453519
0.081633 0.448980 0.487842
0.081633 0.469388 0.524179
0.081633 0.489796 0.562680
0.081633 0.510204 0.603503
0.081633 0.530612 0.646817
0.081633 0.551020 0.692798
0.081633 0.571429 0.741636
0.081633 0.591837 0.793532
0.081633 0.612245 0.848698
0.081633 0.632653 0.907361
0.081633 0.653061 0.969762
0.081633 0.673469 1.036157
0.081633 0.693878 1.106818
0.081633 0.714286 1.182036
0.081633 0.734694 1.262119
0.081633 0.755102 1.347395
0.081633 0.775510 1.438216
0.081633 0.795918 1.534953
0.081633 0.816327 1.638003
0.081633 0.836735 1.747790
0.081633 0.857143 1.864764
0.081633 0.877551 1.989405
0.081633 0.897959 2.122225
0.081633 0.918367 2.263768
0.081633 0.938776 2.414617
0.081633 0.959184 2.575390
0.081633 0.979592 2.746746
0.081633 1.000000 2.929391
0.102041 0.000000 0.000000
0.102041 0.020408 0.020134
0.102041 0.040816 0.040351
0.102041 0.061224 0.060735
0.102041 0.081633 0.081372
0.102041 0.102041 0.102346
0.102041 0.122449 0.123744
0.102041 0.142857 0.145656
0.102041 0.163265 0.168172
0.102041 0.183673 0.191385
0.102041 0.204082 0.215391
0.102041 0.224490 0.240290
0.102041 0.244898 0.266185
0.102041 0.265306 0.293182
0.102041 0.285714 0.321393
0.102041 0.306122 0.350935
0.102041 0.326531 0.381929
0.102041 0.346939 0.414503
0.102041 0.367347 0.448792
0.102041 0.387755 0.484936
0.102041 0.408163 0.523085
0.102041 0.428571 0.563395
0.102041 0.448980 0.606033
0.102041 0.469388 0.651173
0.102041 0.489796 0.699002
0.102041 0.510204 0.749716
0.102041 0.530612 0.803523
0.102041 0.551020 0.860644
0.102041 0.571429 0.921314
0.102041 0.591837 0.985783
0.102041 0.612245 1.054314
0.102041 0.632653 1.127190
0.102041 0.653061 1.204709
0.102041 0.673469 1.287189
0.102041 0.693878 1.374970
0.102041 0.714286 1.468411
0.102041 0.734694 1.567896
0.102041 0.755102 1.673833
0.102041 0.775510 1.786656
0.102041 0.795918 1.906830
0.102041 0.816327 2.034847
0.102041 0.836735 2.171232
0.102041 0.857143 2.316546
0.102041 0.877551 2.471384
0.102041 0.897959 2.636382
0.102041 0.918367 2.812218
0.102041 0.938776 2.999613
0.102041 0.959184 3.199337
0.102041 0.979592 3.412209
0.102041 1.000000 3.639103
0.122449 0.000000 0.000000
0.122449 0.020408 0.023977
0.122449 0.040816 0.048054
0.122449 0.061224 0.072330
0.122449 0.081633 0.096907
0.122449 0.102041 0.121885
0.122449 0.122449 0.147369
0.122449 0.142857 0.173464
0.122449 0.163265 0.200279
0.122449 0.183673 0.227923
0.122449 0.204082 0.256513
0.122449 0.224490 0.286165
0.122449 0.244898 0.317003
0.122449 0.265306 0.349155
0.122449 0.285714 0.382752
0.122449 0.306122 0.417933
0.122449 0.326531 0.454845
0.122449 0.346939 0.493638
0.122449 0.367347 0.534472
0.122449 0.387755 0.577517
0.122449 0.408163 0.622949
0.122449 0.428571 0.670955
0.122449 0.448980 0.721733
0.122449 0.469388 0.775492
0.122449 0.489796 0.832452
0.122449 0.510204 0.892847
0.122449 0.530612 0.956927
0.122449 0.551020 1.024954
0.122449 0.571429 1.097207
0.122449 0.591837 1.173983
0.122449 0.612245 1.255598
0.122449 0.632653 1.342387
0.122449 0.653061 1.434705
0.122449 0.673469 1.532933
0.122449 0.693878 1.637472
0.122449 0.714286 1.748752
0.122449 0.734694 1.867230
0.122449 0.755102 1.993392
0.122449 0.775510 2.127755
0.122449 0.795918 2.270872
0.122449 0.816327 2.423329
0.122449 0.836735 2.585752
0.122449 0.857143 2.758809
0.122449 0.877551 2.943208
0.122449 0.897959 3.139707
0.122449 0.918367 3.349112
0.122449 0.938776 3.572284
0.122449 0.959184 3.810137
0.122449 0.979592 4.063649
0.122449 1.000000 4.333861
0.142857 0.000000 0.000000
0.142857 0.020408 0.027723
0.142857 0.040816 0.055560
0.142857 0.061224 0.083629
0.142857 0.081633 0.112044
0.142857 0.102041 0.140924
0.142857 0.122449 0.170388
0.142857 0.142857 0.200559
0.142857 0.163265 0.231562
0.142857 0.183673 0.263525
0.142857 0.204082 0.296580
0.142857 0.224490 0.330864
0.142857 0.244898 0.366519
0.142857 0.265306 0.403693
0.142857 0.285714 0.442538
0.142857 0.306122 0.483214
0.142857 0.326531 0.525891
0.142857 0.346939 0.570744
0.142857 0.367347 0.617957
0.142857 0.387755 0.667725
0.142857 0.408163 0.720254
0.142857 0.428571 0.775759
0.142857 0.448980 0.834468
0.142857 0.469388 0.896624
0.142857 0.489796 0.962481
0.142857 0.510204 1.032310
0.142857 0.530612 1.106399
0.142857 0.551020 1.185051
0.142857 0.571429 1.268591
0.142857 0.591837 1.357360
0.142857 0.612245 1.451723
0.142857 0.632653 1.552068
0.142857 0.653061 1.658806
0.142857 0.673469 1.772377
0.142857 0.693878 1.893245
0.142857 0.714286 2.021907
0.142857 0.734694 2.158891
0.142857 0.755102 2.304760
0.142857 0.775510 2.460111
0.142857 0.795918 2.625582
0.142857 0.816327 2.801853
0.142857 0.836735 2.989647
0.142857 0.857143 3.189735
0.142857 0.877551 3.402937
0.142857 0.897959 3.630129
0.142857 0.918367 3.872244
0.142857 0.938776 4.130274
0.142857 0.959184 4.405281
0.142857 0.979592 4.698392
0.142857 1.000000 5.010810
0.163265 0.000000 0.000000
0.163265 0.020408 0.031354
0.163265 0.040816 0.062838
0.163265 0.061224 0.094583
0.163265 0.081633 0.126720
0.163265 0.102041 0.159383
0.163265 0.122449 0.192707
0.163265 0.142857 0.226830
0.163265 0.163265 0.261894
0.163265 0.183673 0.298044
0.163265 0.204082 0.335429
0.163265 0.224490 0.374204
0.163265 0.244898 0.414529
0.163265 0.265306 0.456572
0.163265 0.285714 0.500505
0.163265 0.306122 0.546510
0.163265 0.326531 0.594777
0.163265 0.346939 0.645505
0.163265 0.367347 0.698902
0.163265 0.387755 0.755190
0.163265 0.408163 0.814599
0.163265 0.428571 0.877374
0.163265 0.448980 0.943774
0.163265 0.469388 1.014071
0.163265 0.489796 1.088555
0.163265 0.510204 1.167531
0.163265 0.530612 1.251325
0.163265 0.551020 1.340280
0.163265 0.571429 1.434762
0.163265 0.591837 1.535158
0.163265 0.612245 1.641882
0.163265 0.632653 1.755371
0.163265 0.653061 1.876091
0.163265 0.673469 2.004538
0.163265 0.693878 2.141239
0.163265 0.714286 2.286754
0.163265 0.734694 2.441682
0.163265 0.755102 2.606657
0.163265 0.775510 2.782357
0.163265 0.795918 2.969504
0.163265 0.816327 3.168864
0.163265 0.836735 3.381257
0.163265 0.857143 3.607553
0.163265 0.877551 3.848683
0.163265 0.897959 4.105634
0.163265 0.918367 4.379463
0.163265 0.938776 4.671293
0.163265 0.959184 4.982322
0.163265 0.979592 5.313827
0.163265 1.000000 5.667169
0.183673 0.000000 0.000000
0.183673 0.020408 0.034857
0.183673 0.040816 0.069858
0.183673 0.061224 0.105149
0.183673 0.081633 0.140876
0.183673 0.102041 0.177187
0.183673 0.122449 0.214234
0.183673 0.142857 0.252169
0.183673 0.163265 0.291150
0.183673 0.183673 0.331338
0.183673 0.204082 0.372899
0.183673 0.224490 0.416006
0.183673 0.244898 0.460836
0.183673 0.265306 0.507575
0.183673 0.285714 0.556416
0.183673 0.306122 0.607560
0.183673 0.326531 0.661219
0.183673 0.346939 0.717613
0.183673 0.367347 0.776976
0.183673 0.387755 0.839551
0.183673 0.408163 0.905597
0.183673 0.428571 0.975384
0.183673 0.448980 1.049201
0.183673 0.469388 1.127351
0.183673 0.489796 1.210156
0.183673 0.510204 1.297954
0.183673 0.530612 1.391108
0.183673 0.551020 1.490000
0.183673 0.571429 1.595037
0.183673 0.591837 1.706649
0.183673 0.612245 1.825294
0.183673 0.632653 1.951461
0.183673 0.653061 2.085667
0.183673 0.673469 2.228462
0.183673 0.693878 2.380433
0.183673 0.714286 2.542204
0.183673 0.734694 2.714438
0.183673 0.755102 2.897843
0.183673 0.775510 3.093171
0.183673 0.795918 3.301223
0.183673 0.816327 3.522853
0.183673 0.836735 3.758972
0.183673 0.857143 4.010548
0.183673 0.877551 4.278614
0.183673 0.897959 4.564269
0.183673 0.918367 4.868687
0.183673 0.938776 5.193117
0.183673 0.959184 5.538890
0.183673 0.979592 5.907427
0.183673 1.000000 6.300240
0.204082 0.000000 0.000000
0.204082 0.020408 0.038216
0.204082 0.040816 0.076590
0.204082 0.061224 0.115282
0.204082 0.081633 0.154453
0.204082 0.102041 0.194264
0.204082 0.122449 0.234881
0.204082 0.142857 0.276472
0.204082 0.163265 0.319209
0.204082 0.183673 0.363270
0.204082 0.204082 0.408837
0.204082 0.224490 0.456098
0.204082 0.244898 0.505249
0.204082 0.265306 0.556492
0.204082 0.285714 0.610040
0.204082 0.306122 0.666113
0.204082 0.326531 0.724943
0.204082 0.346939 0.786773
0.204082 0.367347 0.851856
0.204082 0.387755 0.920462
0.204082 0.408163 0.992873
0.204082 0.428571 1.069387
0.204082 0.448980 1.150318
0.204082 0.469388 1.235999
0.204082 0.489796 1.326784
0.204082 0.510204 1.423044
0.204082 0.530612 1.525176
0.204082 0.551020 1.633598
0.204082 0.571429 1.748757
0.204082 0.591837 1.871126
0.204082 0.612245 2.001206
0.204082 0.632653 2.139532
0.204082 0.653061 2.286672
0.204082 0.673469 2.443229
0.204082 0.693878 2.609846
0.204082 0.714286 2.787208
0.204082 0.734694 2.976041
0.204082 0.755102 3.177121
0.204082 0.775510 3.391273
0.204082 0.795918 3.619376
0.204082 0.816327 3.862367
0.204082 0.836735 4.121241
0.204082 0.857143 4.397062
0.204082 0.877551 4.690963
0.204082 0.897959 5.004148
0.204082 0.918367 5.337904
0.204082 0.938776 5.693600
0.204082 0.959184 6.072698
0.204082 0.979592 6.476752
0.204082 1.000000 6.907423
0.224490 0.000000 0.000000
0.224490 0.020408 0.041418
0.224490 0.040816 0.083008
0.224490 0.061224 0.124942
0.224490 0.081633 0.167395
0.224490 0.102041 0.210542
0.224490 0.122449 0.254562
0.224490 0.142857 0.299638
0.224490 0.163265 0.345957
0.224490 0.183673 0.393710
0.224490 0.204082 0.443095
0.224490 0.224490 0.494316
0.224490 0.244898 0.547585
0.224490 0.265306 0.603123
0.224490 0.285714 0.661157
0.224490 0.306122 0.721929
0.224490 0.326531 0.785689
0.224490 0.346939 0.852699
0.224490 0.367347 0.923237
0.224490 0.387755 0.997591
0.224490 0.408163 1.076069
0.224490 0.428571 1.158994
0.224490 0.448980 1.246707
0.224490 0.469388 1.339568
0.224490 0.489796 1.437960
0.224490 0.510204 1.542286
0.224490 0.530612 1.652976
0.224490 0.551020 1.770483
0.224490 0.571429 1.895292
0.224490 0.591837 2.027914
0.224490 0.612245 2.168894
0.224490 0.632653 2.318811
0.224490 0.653061 2.478280
0.224490 0.673469 2.647956
0.224490 0.693878 2.828535
0.224490 0.714286 3.020758
0.224490 0.734694 3.225414
0.224490 0.755102 3.443343
0.224490 0.775510 3.675440
0.224490 0.795918 3.922657
0.224490 0.816327 4.186008
0.224490 0.836735 4.466575
0.224490 0.857143 4.765508
0.224490 0.877551 5.084035
0.224490 0.897959 5.423464
0.224490 0.918367 5.785186
0.224490 0.938776 6.170688
0.224490 0.959184 6.581551
0.224490 0.979592 7.019463
0.224490 1.000000 7.486221
0.244898 0.000000 0.000000
0.244898 0.020408 0.044450
0.244898 0.040816 0.089085
0.244898 0.061224 0.134089
0.244898 0.081633 0.179649
0.244898 0.102041 0.225955
0.244898 0.122449 0.273198
0.244898 0.142857 0.321574
0.244898 0.163265 0.371283
0.244898 0.183673 0.422532
0.244898 0.204082 0.475532
0.244898 0.224490 0.530503
0.244898 0.244898 0.587672
0.244898 0.265306 0.647275
0.244898 0.285714 0.709558
0.244898 0.306122 0.774779
0.244898 0.326531 0.843206
0.244898 0.346939 0.915122
0.244898 0.367347 0.990823
0.244898 0.387755 1.070621
0.244898 0.408163 1.154844
0.244898 0.428571 1.243840
0.244898 0.448980 1.337973
0.244898 0.469388 1.437632
0.244898 0.489796 1.543227
0.244898 0.510204 1.655190
0.244898 0.530612 1.773983
0.244898 0.551020 1.900093
0.244898 0.571429 2.034039
0.244898 0.591837 2.176370
0.244898 0.612245 2.327670
0.244898 0.632653 2.488562
0.244898 0.653061 2.659705
0.244898 0.673469 2.841802
0.244898 0.693878 3.035600
0.244898 0.714286 3.241895
0.244898 0.734694 3.461534
0.244898 0.755102 3.695417
0.244898 0.775510 3.944504
0.244898 0.795918 4.209819
0.244898 0.816327 4.492449
0.244898 0.836735 4.793555
0.244898 0.857143 5.114372
0.244898 0.877551 5.456217
0.244898 0.897959 5.820493
0.244898 0.918367 6.208696
0.244898 0.938776 6.622419
0.244898 0.959184 7.063360
0.244898 0.979592 7.533329
0.244898 1.000000 8.034256
0.265306 0.000000 0.000000
0.265306 0.020408 0.047299
0.265306 0.040816 0.094795
0.265306 0.061224 0.142684
0.265306 0.081633 0.191165
0.265306 0.102041 0.240439
0.265306 0.122449 0.290711
0.265306 0.142857 0.342188
0.265306 0.163265 0.395084
0.265306 0.183673 0.449618
0.265306 0.204082 0.506015
0.265306 0.224490 0.564510
0.265306 0.244898 0.625343
0.265306 0.265306 0.688767
0.265306 0.285714 0.755043
0.265306 0.306122 0.824444
0.265306 0.326531 0.897258
0.265306 0.346939 0.973784
0.265306 0.367347 1.054338
0.265306 0.387755 1.139251
0.265306 0.408163 1.228873
0.265306 0.428571 1.323574
0.265306 0.448980 1.423742
0.265306 0.469388 1.529789
0.265306 0.489796 1.642153
0.265306 0.510204 1.761293
0.265306 0.530612 1.887701
0.265306 0.551020 2.021895
0.265306 0.571429 2.164427
0.265306 0.591837 2.315882
0.265306 0.612245 2.476881
0.265306 0.632653 2.648087
0.265306 0.653061 2.830200
0.265306 0.673469 3.023970
0.265306 0.693878 3.230192
0.265306 0.714286 3.449711
0.265306 0.734694 3.683429
0.265306 0.755102 3.932304
0.265306 0.775510 4.197359
0.265306 0.795918 4.479681
0.265306 0.816327 4.780429
0.265306 0.836735 5.100837
0.265306 0.857143 5.442219
0.265306 0.877551 5.805978
0.265306 0.897959 6.193605
0.265306 0.918367 6.606693
0.265306 0.938776 7.046937
0.265306 0.959184 7.516144
0.265306 0.979592 8.016239
0.265306 1.000000 8.549278
0.285714 0.000000 0.000000
0.285714 0.020408 0.049954
0.285714 0.040816 0.100116
0.285714 0.061224 0.150693
0.285714 0.081633 0.201896
0.285714 0.102041 0.253936
0.285714 0.122449 0.307029
0.285714 0.142857 0.361395
0.285714 0.163265 0.417261
0.285714 0.183673 0.474856
0.285714 0.204082 0.534419
0.285714 0.224490 0.596197
0.285714 0.244898 0.660445
0.285714 0.265306 0.727429
0.285714 0.285714 0.797425
0.285714 0.306122 0.870722
0.285714 0.326531 0.947623
0.285714 0.346939 1.028445
0.285714 0.367347 1.113520
0.285714 0.387755 1.203200
0.285714 0.408163 1.297853
0.285714 0.428571 1.397869
0.285714 0.448980 1.503659
0.285714 0.469388 1.615660
0.285714 0.489796 1.734330
0.285714 0.510204 1.860159
0.285714 0.530612 1.993662
0.285714 0.551020 2.135389
0.285714 0.571429 2.285921
0.285714 0.591837 2.445878
0.285714 0.612245 2.615914
0.285714 0.632653 2.796730
0.285714 0.653061 2.989066
0.285714 0.673469 3.193713
0.285714 0.693878 3.411510
0.285714 0.714286 3.643351
0.285714 0.734694 3.890188
0.285714 0.755102 4.153034
0.285714 0.775510 4.432967
0.285714 0.795918 4.731136
0.285714 0.816327 5.048765
0.285714 0.836735 5.387158
0.285714 0.857143 5.747703
0.285714 0.877551 6.131880
0.285714 0.897959 6.541266
0.285714 0.918367 6.977542
0.285714 0.938776 7.442497
0.285714 0.959184 7.938042
0.285714 0.979592 8.466209
0.285714 1.000000 9.029168
0.306122 0.000000 0.000000
0.306122 0.020408 0.052404
0.306122 0.040816 0.105026
0.306122 0.061224 0.158083
0.306122 0.081633 0.211797
0.306122 0.102041 0.266389
0.306122 0.122449 0.322085
0.306122 0.142857 0.379118
0.306122 0.163265 0.437723
0.306122 0.183673 0.498142
0.306122 0.204082 0.560627
0.306122 0.224490 0.625434
0.306122 0.244898 0.692833
0.306122 0.265306 0.763102
0.306122 0.285714 0.836531
0.306122 0.306122 0.913422
0.306122 0.326531 0.994094
0.306122 0.346939 1.078879
0.306122 0.367347 1.168127
0.306122 0.387755 1.262204
0.306122 0.408163 1.361499
0.306122 0.428571 1.466420
0.306122 0.448980 1.577398
0.306122 0.469388 1.694891
0.306122 0.489796 1.819381
0.306122 0.510204 1.951380
0.306122 0.530612 2.091431
0.306122 0.551020 2.240108
0.306122 0.571429 2.398022
0.306122 0.591837 2.565823
0.306122 0.612245 2.744198
0.306122 0.632653 2.933880
0.306122 0.653061 3.135649
0.306122 0.673469 3.350331
0.306122 0.693878 3.578809
0.306122 0.714286 3.822020
0.306122 0.734694 4.080962
0.306122 0.755102 4.356697
0.306122 0.775510 4.650358
0.306122 0.795918 4.963150
0.306122 0.816327 5.296355
0.306122 0.836735 5.651343
0.306122 0.857143 6.029569
0.306122 0.877551 6.432586
0.306122 0.897959 6.862048
0.306122 0.918367 7.319718
0.306122 0.938776 7.807475
0.306122 0.959184 8.327321
0.306122 0.979592 8.881389
0.306122 1.000000 9.471956
0.326531 0.000000 0.000000
0.326531 0.020408 0.054639
0.326531 0.040816 0.109504
0.326531 0.061224 0.164824
0.326531 0.081633 0.220827
0.326531 0.102041 0.277747
0.326531 0.122449 0.335818
0.326531 0.142857 0.395283
0.326531 0.163265 0.456386
0.326531 0.183673 0.519382
0.326531 0.204082 0.584531
0.326531 0.224490 0.652102
0.326531 0.244898 0.722374
0.326531 0.265306 0.795639
0.326531 0.285714 0.872199
0.326531 0.306122 0.952369
0.326531 0.326531 1.036481
0.326531 0.346939 1.124881
0.326531 0.367347 1.217933
0.326531 0.387755 1.316022
0.326531 0.408163 1.419551
0.326531 0.428571 1.528945
0.326531 0.448980 1.644656
0.326531 0.469388 1.767158
0.326531 0.489796 1.896956
0.326531 0.510204 2.034583
0.326531 0.530612 2.180605
0.326531 0.551020 2.335621
0.326531 0.571429 2.500269
0.326531 0.591837 2.675224
0.326531 0.612245 2.861205
0.326531 0.632653 3.058975
0.326531 0.653061 3.269347
0.326531 0.673469 3.493183
0.326531 0.693878 3.731402
0.326531 0.714286 3.984983
0.326531 0.734694 4.254966
0.326531 0.755102 4.542458
0.326531 0.775510 4.848640
0.326531 0.795918 5.174768
0.326531 0.816327 5.522181
0.326531 0.836735 5.892305
0.326531 0.857143 6.286658
0.326531 0.877551 6.706859
0.326531 0.897959 7.154632
0.326531 0.918367 7.631817
0.326531 0.938776 8.140370
0.326531 0.959184 8.682381
0.326531 0.979592 9.260074
0.326531 1.000000 9.875821
0.346939 0.000000 0.000000
0.346939 0.020408 0.056649
0.346939 0.040816 0.113532
0.346939 0.061224 0.170887
0.346939 0.081633 0.228950
0.346939 0.102041 0.287964
0.346939 0.122449 0.348172
0.346939 0.142857 0.409823
0.346939 0.163265 0.473175
0.346939 0.183673 0.538488
0.346939 0.204082 0.606033
0.346939 0.224490 0.676089
0.346939 0.244898 0.748947
0.346939 0.265306 0.824907
0.346939 0.285714 0.904283
0.346939 0.306122 0.987402
0.346939 0.326531 1.074608
0.346939 0.346939 1.166260
0.346939 0.367347 1.262735
0.346939 0.387755 1.364432
0.346939 0.408163 1.471769
0.346939 0.428571 1.585187
0.346939 0.448980 1.705154
0.346939 0.469388 1.832163
0.346939 0.489796 1.966736
0.346939 0.510204 2.109426
0.346939 0.530612 2.260819
0.346939 0.551020 2.421538
0.346939 0.571429 2.592242
0.346939 0.591837 2.773633
0.346939 0.612245 2.966455
0.346939 0.632653 3.171500
0.346939 0.653061 3.389610
0.346939 0.673469 3.621680
0.346939 0.693878 3.868663
0.346939 0.714286 4.131571
0.346939 0.734694 4.411485
0.346939 0.755102 4.709553
0.346939 0.775510 5.026998
0.346939 0.795918 5.365123
0.346939 0.816327 5.725315
0.346939 0.836735 6.109054
0.346939 0.857143 6.517913
0.346939 0.877551 6.953571
0.346939 0.897959 7.417816
0.346939 0.918367 7.912554
0.346939 0.938776 8.439815
0.346939 0.959184 9.001764
0.346939 0.979592 9.600707
0.346939 1.000000 10.239104
0.367347 0.000000 0.000000
0.367347 0.020408 0.058426
0.367347 0.040816 0.117094
0.367347 0.061224 0.176248
0.367347 0.081633 0.236133
0.367347 0.102041 0.296997
0.367347 0.122449 0.359094
0.367347 0.142857 0.422680
0.367347 0.163265 0.488019
0.367347 0.183673 0.555380
0.367347 0.204082 0.625044
0.367347 0.224490 0.697299
0.367347 0.244898 0.772442
0.367347 0.265306 0.850785
0.367347 0.285714 0.932651
0.367347 0.306122 1.018377
0.367347 0.326531 1.108319
0.367347 0.346939 1.202846
0.367347 0.367347 1.302348
0.367347 0.387755 1.407235
0.367347 0.408163 1.517939
0.367347 0.428571 1.634916
0.367347 0.448980 1.758646
0.367347 0.469388 1.889640
0.367347 0.489796 2.028434
0.367347 0.510204 2.175600
0.367347 0.530612 2.331743
0.367347 0.551020 2.497503
0.367347 0.571429 2.673563
0.367347 0.591837 2.860644
0.367347 0.612245 3.059515
0.367347 0.632653 3.270993
0.367347 0.653061 3.495945
0.367347 0.673469 3.735295
0.367347 0.693878 3.990026
0.367347 0.714286 4.261182
0.367347 0.734694 4.549877
0.367347 0.755102 4.857295
0.367347 0.775510 5.184699
0.367347 0.795918 5.533431
0.367347 0.816327 5.904923
0.367347 0.836735 6.300700
0.367347 0.857143 6.722385
0.367347 0.877551 7.171710
0.367347 0.897959 7.650519
0.367347 0.918367 8.160777
0.367347 0.938776 8.704579
0.367347 0.959184 9.284156
0.367347 0.979592 9.901889
0.367347 1.000000 10.560313
0.387755 0.000000 0.000000
0.387755 0.020408 0.059963
0.387755 0.040816 0.120174
0.387755 0.061224 0.180884
0.387755 0.081633 0.242345
0.387755 0.102041 0.304811
0.387755 0.122449 0.368541
0.387755 0.142857 0.433800
0.387755 0.163265 0.500857
0.387755 0.183673 0.569991
0.387755 0.204082 0.641488
0.387755 0.224490 0.715643
0.387755 0.244898 0.792763
0.387755 0.265306 0.873167
0.387755 0.285714 0.957186
0.387755 0.306122 1.045168
0.387755 0.326531 1.137476
0.387755 0.346939 1.234490
0.387755 0.367347 1.336610
0.387755 0.387755 1.444256
0.387755 0.408163 1.557872
0.387755 0.428571 1.677926
0.387755 0.448980 1.804912
0.387755 0.469388 1.939351
0.387755 0.489796 2.081797
0.387755 0.510204 2.232834
0.387755 0.530612 2.393085
0.387755 0.551020 2.563206
0.387755 0.571429 2.743897
0.387755 0.591837 2.935900
0.387755 0.612245 3.140003
0.387755 0.632653 3.357044
0.387755 0.653061 3.587914
0.387755 0.673469 3.833561
0.387755 0.693878 4.094993
0.387755 0.714286 4.373282
0.387755 0.734694 4.669572
0.387755 0.755102 4.985078
0.387755 0.775510 5.321095
0.387755 0.795918 5.679001
0.387755 0.816327 6.060266
0.387755 0.836735 6.466455
0.387755 0.857143 6.899234
0.387755 0.877551 7.360379
0.387755 0.897959 7.851784
0.387755 0.918367 8.375466
0.387755 0.938776 8.933573
0.387755 0.959184 9.528398
0.387755 0.979592 10.162382
0.387755 1.000000 10.838127
0.408163 0.000000 0.000000
0.408163 0.020408 0.061253
0.408163 0.040816 0.122761
0.408163 0.061224 0.184778
0.408163 0.081633 0.247561
0.408163 0.102041 0.311371
0.408163 0.122449 0.376473
0.408163 0.142857 0.443137
0.408163 0.163265 0.511637
0.408163 0.183673 0.582259
0.408163 0.204082 0.655295
0.408163 0.224490 0.731046
0.408163 0.244898 0.809826
0.408163 0.265306 0.891961
0.408163 0.285714 0.977789
0.408163 0.306122 1.067664
0.408163 0.326531 1.161959
0.408163 0.346939 1.261061
0.408163 0.367347 1.365379
0.408163 0.387755 1.475342
0.408163 0.408163 1.591404
0.408163 0.428571 1.714042
0.408163 0.448980 1.843760
0.408163 0.469388 1.981093
0.408163 0.489796 2.126605
0.408163 0.510204 2.280893
0.408163 0.530612 2.444593
0.408163 0.551020 2.618376
0.408163 0.571429 2.802956
0.408163 0.591837 2.999092
0.408163 0.612245 3.207588
0.408163 0.632653 3.429300
0.408163 0.653061 3.665140
0.408163 0.673469 3.916074
0.408163 0.693878 4.183133
0.408163 0.714286 4.467412
0.408163 0.734694 4.770079
0.408163 0.755102 5.092376
0.408163 0.775510 5.435625
0.408163 0.795918 5.801235
0.408163 0.816327 6.190706
0.408163 0.836735 6.605637
0.408163 0.857143 7.047731
0.408163 0.877551 7.518803
0.408163 0.897959 8.020785
0.408163 0.918367 8.555738
0.408163 0.938776 9.125858
0.408163 0.959184 9.733486
0.408163 0.979592 10.381115
0.408163 1.000000 11.071405
0.428571 0.000000 0.000000
0.428571 0.020408 0.062292
0.428571 0.040816 0.124843
0.428571 0.061224 0.187912
0.428571 0.081633 0.251760
0.428571 0.102041 0.316653
0.428571 0.122449 0.382859
0.428571 0.142857 0.450653
0.428571 0.163265 0.520315
0.428571 0.183673 0.592135
0.428571 0.204082 0.666410
0.428571 0.224490 0.743446
0.428571 0.244898 0.823562
0.428571 0.265306 0.907089
0.428571 0.285714 0.994373
0.428571 0.306122 1.085773
0.428571 0.326531 1.181667
0.428571 0.346939 1.282450
0.428571 0.367347 1.388537
0.428571 0.387755 1.500365
0.428571 0.408163 1.618396
0.428571 0.428571 1.743114
0.428571 0.448980 1.875033
0.428571 0.469388 2.014695
0.428571 0.489796 2.162674
0.428571 0.510204 2.319580
0.428571 0.530612 2.486056
0.428571 0.551020 2.662786
0.428571 0.571429 2.850497
0.428571 0.591837 3.049959
0.428571 0.612245 3.261992
0.428571 0.632653 3.487465
0.428571 0.653061 3.727304
0.428571 0.673469 3.982495
0.428571 0.693878 4.254083
0.428571 0.714286 4.543184
0.428571 0.734694 4.850985
0.428571 0.755102 5.178748
0.428571 0.775510 5.527819
0.428571 0.795918 5.899630
0.428571 0.816327 6.295707
0.428571 0.836735 6.717676
0.428571 0.857143 7.167269
0.428571 0.877551 7.646330
0.428571 0.897959 8.156826
0.428571 0.918367 8.700852
0.428571 0.938776 9.280642
0.428571 0.959184 9.898576
0.428571 0.979592 10.557190
0.428571 1.000000 11.259188
0.448980 0.000000 0.000000
0.448980 0.020408 0.063075
0.448980 0.040816 0.126412
0.448980 0.061224 0.190273
0.448980 0.081633 0.254924
0.448980 0.102041 0.320633
0.448980 0.122449 0.387671
0.448980 0.142857 0.456317
0.448980 0.163265 0.526855
0.448980 0.183673 0.599578
0.448980 0.204082 0.674786
0.448980 0.224490 0.752790
0.448980 0.244898 0.833913
0.448980 0.265306 0.918490
0.448980 0.285714 1.006871
0.448980 0.306122 1.099420
0.448980 0.326531 1.196519
0.448980 0.346939 1.298569
0.448980 0.367347 1.405989
0.448980 0.387755 1.519224
0.448980 0.408163 1.638737
0.448980 0.428571 1.765023
0.448980 0.448980 1.898600
0.448980 0.469388 2.040017
0.448980 0.489796 2.189857
0.448980 0.510204 2.348735
0.448980 0.530612 2.517303
0.448980 0.551020 2.696255
0.448980 0.571429 2.886325
0.448980 0.591837 3.088294
0.448980 0.612245 3.302992
0.448980 0.632653 3.531299
0.448980 0.653061 3.774153
0.448980 0.673469 4.032551
0.448980 0.693878 4.307553
0.448980 0.714286 4.600288
0.448980 0.734694 4.911957
0.448980 0.755102 5.243840
0.448980 0.775510 5.597298
0.448980 0.795918 5.973783
0.448980 0.816327 6.374838
0.448980 0.836735 6.802111
0.448980 0.857143 7.257354
0.448980 0.877551 7.742437
0.448980 0.897959 8.259349
0.448980 0.918367 8.810213
0.448980 0.938776 9.397291
0.448980 0.959184 10.022991
0.448980 0.979592 10.689883
0.448980 1.000000 11.400705
0.469388 0.000000 0.000000
0.469388 0.020408 0.063599
0.469388 0.040816 0.127462
0.469388 0.061224 0.191853
0.469388 0.081633 0.257041
0.469388 0.102041 0.323295
0.469388 0.122449 0.390890
0.469388 0.142857 0.460106
0.469388 0.163265 0.531230
0.469388 0.183673 0.604557
0.469388 0.204082 0.680389
0.469388 0.224490 0.759041
0.469388 0.244898 0.840838
0.469388 0.265306 0.926117
0.469388 0.285714 1.015232
0.469388 0.306122 1.108550
0.469388 0.326531 1.206455
0.469388 0.346939 1.309352
0.469388 0.367347 1.417664
0.469388 0.387755 1.531839
0.469388 0.408163 1.652345
0.469388 0.428571 1.779679
0.469388 0.448980 1.914365
0.469388 0.469388 2.056957
0.469388 0.489796 2.208041
0.469388 0.510204 2.368238
0.469388 0.530612 2.538206
0.469388 0.551020 2.718644
0.469388 0.571429 2.910293
0.469388 0.591837 3.113939
0.469388 0.612245 3.330419
0.469388 0.632653 3.560622
0.469388 0.653061 3.805493
0.469388 0.673469 4.066036
0.469388 0.693878 4.343322
0.469388 0.714286 4.638487
0.469388 0.734694 4.952745
0.469388 0.755102 5.287384
0.469388 0.775510 5.643777
0.469388 0.795918 6.023388
0.469388 0.816327 6.427773
0.469388 0.836735 6.858594
0.469388 0.857143 7.317618
0.469388 0.877551 7.806728
0.469388 0.897959 8.327933
0.469388 0.918367 8.883371
0.469388 0.938776 9.475324
0.469388 0.959184 10.106220
0.469388 0.979592 10.778650
0.469388 1.000000 11.495374
0.489796 0.000000 0.000000
0.489796 0.020408 0.063861
0.489796 0.040816 0.127988
0.489796 0.061224 0.192645
0.489796 0.081633 0.258102
0.489796 0.102041 0.324629
0.489796 0.122449 0.392503
0.489796 0.142857 0.462005
0.489796 0.163265 0.533422
0.489796 0.183673 0.607051
0.489796 0.204082 0.683196
0.489796 0.224490 0.762173
0.489796 0.244898 0.844307
0.489796 0.265306 0.929939
0.489796 0.285714 1.019421
0.489796 0.306122 1.113124
0.489796 0.326531 1.211433
0.489796 0.346939 1.314754
0.489796 0.367347 1.423514
0.489796 0.387755 1.538159
0.489796 0.408163 1.659163
0.489796 0.428571 1.787023
0.489796 0.448980 1.922264
0.489796 0.469388 2.065445
0.489796 0.489796 2.217152
0.489796 0.510204 2.378010
0.489796 0.530612 2.548679
0.489796 0.551020 2.729862
0.489796 0.571429 2.922301
0.489796 0.591837 3.126787
0.489796 0.612245 3.344161
0.489796 0.632653 3.575314
0.489796 0.653061 3.821195
0.489796 0.673469 4.082813
0.489796 0.693878 4.361243
0.489796 0.714286 4.657627
0.489796 0.734694 4.973181
0.489796 0.755102 5.309200
0.489796 0.775510 5.667064
0.489796 0.795918 6.048241
0.489796 0.816327 6.454295
0.489796 0.836735 6.886894
0.489796 0.857143 7.347811
0.489796 0.877551 7.838940
0.489796 0.897959 8.362295
0.489796 0.918367 8.920026
0.489796 0.938776 9.514421
0.489796 0.959184 10.147920
0.489796 0.979592 10.823124
0.489796 1.000000 11.542806
0.510204 0.000000 0.000000
0.510204 0.020408 0.063861
0.510204 0.040816 0.127988
0.510204 0.061224 0.192645
0.510204 0.081633 0.258102
0.510204 0.102041 0.324629
0.510204 0.122449 0.392503
0.510204 0.142857 0.462005
0.510204 0.163265 0.533422
0.510204 0.183673 0.607051
0.510204 0.204082 0.683196
0.510204 0.224490 0.762173
0.510204 0.244898 0.844307
0.510204 0.265306 0.929939
0.510204 0.285714 1.019421
0.510204 0.306122 1.113124
0.510204 0.326531 1.211433
0.510204 0.346939 1.314754
0.510204 0.367347 1.423514
0.510204 0.387755 1.538159
0.510204 0.408163 1.659163
0.510204 0.428571 1.787023
0.510204 0.448980 1.922264
0.510204 0.469388 2.065445
0.510204 0.489796 2.217152
0.510204 0.510204 2.378010
0.510204 0.530612 2.548679
0.510204 0.551020 2.729862
0.510204 0.571429 2.922301
0.510204 0.591837 3.126787
0.510204 0.612245 3.344161
0.510204 0.632653 3.575314
0.510204 0.653061 3.821195
0.510204 0.673469 4.082813
0.510204 0.693878 4.361243
0.510204 0.714286 4.657627
0.510204 0.734694 4.973181
0.510204 0.755102 5.309200
0.510204 0.775510 5.667064
0.510204 0.795918 6.048241
0.510204 0.816327 6.454295
0.510204 0.836735 6.886894
0.510204 0.857143 7.347811
0.510204 0.877551 7.838940
0.510204 0.897959 8.362295
0.510204 0.918367 8.920026
0.510204 0.938776 9.514421
0.510204 0.959184 10.147920
0.510204 0.979592 10.823124
0.510204 1.000000 11.542806
0.530612 0.000000 0.000000
0.530612 0.020408 0.063599
0.530612 0.040816 0.127462
0.530612 0.061224 0.191853
0.530612 0.081633 0.257041
0.530612 0.102041 0.323295
0.530612 0.122449 0.390890
0.530612 0.142857 0.460106
0.530612 0.163265 0.531230
0.530612 0.183673 0.604557
0.530612 0.204082 0.680389
0.530612 0.224490 0.759041
0.530612 0.244898 0.840838
0.530612 0.265306 0.926117
0.530612 0.285714 1.015232
0.530612 0.306122 1.108550
0.530612 0.326531 1.206455
0.530612 0.346939 1.309352
0.530612 0.367347 1.417664
0.530612 0.387755 1.531839
0.530612 0.408163 1.652345
0.530612 0.428571 1.779679
0.530612 0.448980 1.914365
0.530612 0.469388 2.056957
0.530612 0.489796 2.208041
0.530612 0.510204 2.368238
0.530612 0.530612 2.538206
0.530612 0.551020 2.718644
0.530612 0.571429 2.910293
0.530612 0.591837 3.113939
0.530612 0.612245 3.330419
0.530612 0.632653 3.560622
0.530612 0.653061 3.805493
0.530612 0.673469 4.066036
0.530612 0.693878 4.343322
0.530612 0.714286 4.638487
0.530612 0.734694 4.952745
0.530612 0.755102 5.287384
0.530612 0.775510 5.643777
0.530612 0.795918 6.023388
0.530612 0.816327 6.427773
0.530612 0.836735 6.858594
0.530612 0.857143 7.317618
0.530612 0.877551 7.806728
0.530612 0.897959 8.327933
0.530612 0.918367 8.883371
0.530612 0.938776 9.475324
0.530612 0.959184 10.106220
0.530612 0.979592 10.778650
0.530612 1.000000 11.495374
0.551020 0.000000 0.000000
0.551020 0.020408 0.063075
0.551020 0.040816 0.126412
0.551020 0.061224 0.190273
0.551020 0.081633 0.254924
0.551020 0.102041 0.320633
0.551020 0.122449 0.387671
0.551020 0.142857 0.456317
0.551020 0.163265 0.526855
0.551020 0.183673 0.599578
0.551020 0.204082 0.674786
0.551020 0.224490 0.752790
0.551020 0.244898 0.833913
0.551020 0.265306 0.918490
0.551020 0.285714 1.006871
0.551020 0.306122 1.099420
0.551020 0.326531 1.196519
0.551020 0.346939 1.298569
0.551020 0.367347 1.405989
0.551020 0.387755 1.519224
0.551020 0.408163 1.638737
0.551020 0.428571 1.765023
0.551020 0.448980 1.898600
0.551020 0.469388 2.040017
0.551020 0.489796 2.189857
0.551020 0.510204 2.348735
0.551020 0.530612 2.517303
0.551020 0.551020 2.696255
0.551020 0.571429 2.886325
0.551020 0.591837 3.088294
0.551020 0.612245 3.302992
0.551020 0.632653 3.531299
0.551020 0.653061 3.774153
0.551020 0.673469 4.032551
0.551020 0.693878 4.307553
0.551020 0.714286 4.600288
0.551020 0.734694 4.911957
0.551020 0.755102 5.243840
0.551020 0.775510 5.597298
0.551020 0.795918 5.973783
0.551020 0.816327 6.374838
0.551020 0.836735 6.802111
0.551020 0.857143 7.257354
0.551020 0.877551 7.742437
0.551020 0.897959 8.259349
0.551020 0.918367 8.810213
0.551020 0.938776 9.397291
0.551020 0.959184 10.022991
0.551020 0.979592 10.689883
0.551020 1.000000 11.400705
0.571429 0.000000 0.000000
0.571429 0.020408 0.062292
0.571429 0.040816 0.124843
0.571429 0.061224 0.187912
0.571429 0.081633 0.251760
0.571429 0.102041 0.316653
0.571429 0.122449 0.382859
0.571429 0.142857 0.450653
0.571429 0.163265 0.520315
0.571429 0.183673 0.592135
0.571429 0.204082 0.666410
0.571429 0.224490 0.743446
0.571429 0.244898 0.823562
0.571429 0.265306 0.907089
0.571429 0.285714 0.994373
0.571429 0.306122 1.085773
0.571429 0.326531 1.181667
0.571429 0.346939 1.282450
0.571429 0.367347 1.388537
0.571429 0.387755 1.500365
0.571429 0.408163 1.618396
0.571429 0.428571 1.743114
0.571429 0.448980 1.875033
0.571429 0.469388 2.014695
0.571429 0.489796 2.162674
0.571429 0.510204 2.319580
0.571429 0.530612 2.486056
0.571429 0.551020 2.662786
0.571429 0.571429 2.850497
0.571429 0.591837 3.049959
0.571429 0.612245 3.261992
0.571429 0.632653 3.487465
0.571429 0.653061 3.727304
0.571429 0.673469 3.982495
0.571429 0.693878 4.254083
0.571429 0.714286 4.543184
0.571429 0.734694 4.850985
0.571429 0.755102 5.178748
0.571429 0.775510 5.527819
0.571429 0.795918 5.899630
0.571429 0.816327 6.295707
0.571429 0.836735 6.717676
0.571429 0.857143 7.167269
0.571429 0.877551 7.646330
0.571429 0.897959 8.156826
0.571429 0.918367 8.700852
0.571429 0.938776 9.280642
0.571429 0.959184 9.898576
0.571429 0.979592 10.557190
0.571429 1.000000 11.259188
0.591837 0.000000 0.000000
0.591837 0.020408 0.061253
0.591837 0.040816 0.122761
0.591837 0.061224 0.184778
0.591837 0.081633 0.247561
0.591837 0.102041 0.311371
0.591837 0.122449 0.376473
0.591837 0.142857 0.443137
0.591837 0.163265 0.511637
0.591837 0.183673 0.582259
0.591837 0.204082 0.655295
0.591837 0.224490 0.731046
0.591837 0.244898 0.809826
0.591837 0.265306 0.891961
0.591837 0.285714 0.977789
0.591837 0.306122 1.067664
0.591837 0.326531 1.161959
0.591837 0.346939 1.261061
0.591837 0.367347 1.365379
0.591837 0.387755 1.475342
0.591837 0.408163 1.591404
0.591837 0.428571 1.714042
0.591837 0.448980 1.843760
0.591837 0.469388 1.981093
0.591837 0.489796 2.126605
0.591837 0.510204 2.280893
0.591837 0.530612 2.444593
0.591837 0.551020 2.618376
0.591837 0.571429 2.802956
0.591837 0.591837 2.999092
0.591837 0.612245 3.207588
0.591837 0.632653 3.429300
0.591837 0.653061 3.665140
0.591837 0.673469 3.916074
0.591837 0.693878 4.183133
0.591837 0.714286 4.467412
0.591837 0.734694 4.770079
0.591837 0.755102 5.092376
0.591837 0.775510 5.435625
0.591837 0.795918 5.801235
0.591837 0.816327 6.190706
0.591837 0.836735 6.605637
0.591837 0.857143 7.047731
0.591837 0.877551 7.518803
0.591837 0.897959 8.020785
0.591837 0.918367 8.555738
0.591837 0.938776 9.125858
0.591837 0.959184 9.733486
0.591837 0.979592 10.381115
0.591837 1.000000 11.071405
0.612245 0.000000 0.000000
0.612245 0.020408 0.059963
0.612245 0.040816 0.120174
0.612245 0.061224 0.180884
0.612245 0.081633 0.242345
0.612245 0.102041 0.304811
0.612245 0.122449 0.368541
0.612245 0.142857 0.433800
0.612245 0.163265 0.500857
0.612245 0.183673 0.569991
0.612245 0.204082 0.641488
0.612245 0.224490 0.715643
0.612245 0.244898 0.792763
0.612245 0.265306 0.873167
0.612245 0.285714 0.957186
0.612245 0.306122 1.045168
0.612245 0.326531 1.137476
0.612245 0.346939 1.234490
0.612245 0.367347 1.336610
0.612245 0.387755 1.444256
0.612245 0.408163 1.557872
0.612245 0.428571 1.677926
0.612245 0.448980 1.804912
0.612245 0.469388 1.939351
0.612245 0.489796 2.081797
0.612245 0.510204 2.232834
0.612245 0.530612 2.393085
0.612245 0.551020 2.563206
0.612245 0.571429 2.743897
0.612245 0.591837 2.935900
0.612245 0.612245 3.140003
0.612245 0.632653 3.357044
0.612245 0.653061 3.587914
0.612245 0.673469 3.833561
0.612245 0.693878 4.094993
0.612245 0.714286 4.373282
0.612245 0.734694 4.669572
0.612245 0.755102 4.985078
0.612245 0.775510 5.321095
0.612245 0.795918 5.679001
0.612245 0.816327 6.060266
0.612245 0.836735 6.466455
0.612245 0.857143 6.899234
0.612245 0.877551 7.360379
0.612245 0.897959 7.851784
0.612245 0.918367 8.375466
0.612245 0.938776 8.933573
0.612245 0.959184 9.528398
0.612245 0.979592 10.162382
0.612245 1.000000 10.838127
0.632653 0.000000 0.000000
0.632653 0.020408 0.058426
0.632653 0.040816 0.117094
0.632653 0.061224 0.176248
0.632653 0.081633 0.236133
0.632653 0.102041 0.296997
0.632653 0.122449 0.359094
0.632653 0.142857 0.422680
0.632653 0.163265 0.488019
0.632653 0.183673 0.555380
0.632653 0.204082 0.625044
0.632653 0.224490 0.697299
0.632653 0.244898 0.772442
0.632653 0.265306 0.850785
0.632653 0.285714 0.932651
0.632653 0.306122 1.018377
0.632653 0.326531 1.108319
0.632653 0.346939 1.202846
0.632653 0.367347 1.302348
0.632653 0.387755 1.407235
0.632653 0.408163 1.517939
0.632653 0.428571 1.634916
0.632653 0.448980 1.758646
0.632653 0.469388 1.889640
0.632653 0.489796 2.028434
0.632653 0.510204 2.175600
0.632653 0.530612 2.331743
0.632653 0.551020 2.497503
0.632653 0.571429 2.673563
0.632653 0.591837 2.860644
0.632653 0.612245 3.059515
0.632653 0.632653 3.270993
0.632653 0.653061 3.495945
0.632653 0.673469 3.735295
0.632653 0.693878 3.990026
0.632653 0.714286 4.261182
0.632653 0.734694 4.549877
0.632653 0.755102 4.857295
0.632653 0.775510 5.184699
0.632653 0.795918 5.533431
0.632653 0.816327 5.904923
0.632653 0.836735 6.300700
0.632653 0.857143 6.722385
0.632653 0.877551 7.171710
0.632653 0.897959 7.650519
0.632653 0.918367 8.160777
0.632653 0.938776 8.704579
0.632653 0.959184 9.284156
0.632653 0.979592 9.901889
0.632653 1.000000 10.560313
0.653061 0.000000 0.000000
0.653061 0.020408 0.056649
0.653061 0.040816 0.113532
0.653061 0.061224 0.170887
0.653061 0.081633 0.228950
0.653061 0.102041 0.287964
0.653061 0.122449 0.348172
0.653061 0.142857 0.409823
0.653061 0.163265 0.473175
0.653061 0.183673 0.538488
0.653061 0.204082 0.606033
0.653061 0.224490 0.676089
0.653061 0.244898 0.748947
0.653061 0.265306 0.824907
0.653061 0.285714 0.904283
0.653061 0.306122 0.987402
0.653061 0.326531 1.074608
0.653061 0.346939 1.166260
0.653061 0.367347 1.262735
0.653061 0.387755 1.364432
0.653061 0.408163 1.471769
0.653061 0.428571 1.585187
0.653061 0.448980 1.705154
0.653061 0.469388 1.832163
0.653061 0.489796 1.966736
0.653061 0.510204 2.109426
0.653061 0.530612 2.260819
0.653061 0.551020 2.421538
0.653061 0.571429 2.592242
0.653061 0.591837 2.773633
0.653061 0.612245 2.966455
0.653061 0.632653 3.171500
0.653061 0.653061 3.389610
0.653061 0.673469 3.621680
0.653061 0.693878 3.868663
0.653061 0.714286 4.131571
0.653061 0.734694 4.411485
0.653061 0.755102 4.709553
0.653061 0.775510 5.026998
0.653061 0.795918 5.365123
0.653061 0.816327 5.725315
0.653061 0.836735 6.109054
0.653061 0.857143 6.517913
0.653061 0.877551 6.953571
0.653061 0.897959 7.417816
0.653061 0.918367 7.912554
0.653061 0.938776 8.439815
0.653061 0.959184 9.001764
0.653061 0.979592 9.600707
0.653061 1.000000 10.239104
0.673469 0.000000 0.000000
0.673469 0.020408 0.054639
0.673469 0.040816 0.109504
0.673469 0.061224 0.164824
0.673469 0.081633 0.220827
0.673469 0.102041 0.277747
0.673469 0.122449 0.335818
0.673469 0.142857 0.395283
0.673469 0.163265 0.456386
0.673469 0.183673 0.519382
0.673469 0.204082 0.584531
0.673469 0.224490 0.652102
0.673469 0.244898 0.722374
0.673469 0.265306 0.795639
0.673469 0.285714 0.872199
0.673469 0.306122 0.952369
0.673469 0.326531 1.036481
0.673469 0.346939 1.124881
0.673469 0.367347 1.217933
0.673469 0.387755 1.316022
0.673469 0.408163 1.419551
0.673469 0.428571 1.528945
0.673469 0.448980 1.644656
0.673469 0.469388 1.767158
0.673469 0.489796 1.896956
0.673469 0.510204 2.034583
0.673469 0.530612 2.180605
0.673469 0.551020 2.335621
0.673469 0.571429 2.500269
0.673469 0.591837 2.675224
0.673469 0.612245 2.861205
0.673469 0.632653 3.058975
0.673469 0.653061 3.269347
0.673469 0.673469 3.493183
0.673469 0.693878 3.731402
0.673469 0.714286 3.984983
0.673469 0.734694 4.254966
0.673469 0.755102 4.542458
0.673469 0.775510 4.848640
0.673469 0.795918 5.174768
0.673469 0.816327 5.522181
0.673469 0.836735 5.892305
0.673469 0.857143 6.286658
0.673469 0.877551 6.706859
0.673469 0.897959 7.154632
0.673469 0.918367 7.631817
0.673469 0.938776 8.140370
0.673469 0.959184 8.682381
0.673469 0.979592 9.260074
0.673469 1.000000 9.875821
0.693878 0.000000 0.000000
0.693878 0.020408 0.052404
0.693878 0.040816 0.105026
0.693878 0.061224 0.158083
0.693878 0.081633 0.211797
0.693878 0.102041 0.266389
0.693878 0.122449 0.322085
0.693878 0.142857 0.379118
0.693878 0.163265 0.437723
0.693878 0.183673 0.498142
0.693878 0.204082 0.560627
0.693878 0.224490 0.625434
0.693878 0.244898 0.692833
0.693878 0.265306 0.763102
0.693878 0.285714 0.836531
0.693878 0.306122 0.913422
0.693878 0.326531 0.994094
0.693878 0.346939 1.078879
0.693878 0.367347 1.168127
0.693878 0.387755 1.262204
0.693878 0.408163 1.361499
0.693878 0.428571 1.466420
0.693878 0.448980 1.577398
0.693878 0.469388 1.694891
0.693878 0.489796 1.819381
0.693878 0.510204 1.951380
0.693878 0.530612 2.091431
0.693878 0.551020 2.240108
0.693878 0.571429 2.398022
0.693878 0.591837 2.565823
0.693878 0.612245 2.744198
0.693878 0.632653 2.933880
0.693878 0.653061 3.135649
0.693878 0.673469 3.350331
0.693878 0.693878 3.578809
0.693878 0.714286 3.822020
0.693878 0.734694 4.080962
0.693878 0.755102 4.356697
0.693878 0.775510 4.650358
0.693878 0.795918 4.963150
0.693878 0.816327 5.296355
0.693878 0.836735 5.651343
0.693878 0.857143 6.029569
0.693878 0.877551 6.432586
0.693878 0.897959 6.862048
0.693878 0.918367 7.319718
0.693878 0.938776 7.807475
0.693878 0.959184 8.327321
0.693878 0.979592 8.881389
0.693878 1.000000 9.471956
0.714286 0.000000 0.000000
0.714286 0.020408 0.049954
0.714286 0.040816 0.100116
0.714286 0.061224 0.150693
0.714286 0.081633 0.201896
0.714286 0.102041 0.253936
0.714286 0.122449 0.307029
0.714286 0.142857 0.361395
0.714286 0.163265 0.417261
0.714286 0.183673 0.474856
0.714286 0.204082 0.534419
0.714286 0.224490 0.596197
0.714286 0.244898 0.660445
0.714286 0.265306 0.727429
0.714286 0.285714 0.797425
0.714286 0.306122 0.870722
0.714286 0.326531 0.947623
0.714286 0.346939 1.028445
0.714286 0.367347 1.113520
0.714286 0.387755 1.203200
0.714286 0.408163 1.297853
0.714286 0.428571 1.397869
0.714286 0.448980 1.503659
0.714286 0.469388 1.615660
0.714286 0.489796 1.734330
0.714286 0.510204 1.860159
0.714286 0.530612 1.993662
0.714286 0.551020 2.135389
0.714286 0.571429 2.285921
0.714286 0.591837 2.445878
0.714286 0.612245 2.615914
0.714286 0.632653 2.796730
0.714286 0.653061 2.989066
0.714286 0.673469 3.193713
0.714286 0.693878 3.411510
0.714286 0.714286 3.643351
0.714286 0.734694 3.890188
0.714286 0.755102 4.153034
0.714286 0.775510 4.432967
0.714286 0.795918 4.731136
0.714286 0.816327 5.048765
0.714286 0.836735 5.387158
0.714286 0.857143 5.747703
0.714286 0.877551 6.131880
0.714286 0.897959 6.541266
0.714286 0.918367 6.977542
0.714286 0.938776 7.442497
0.714286 0.959184 7.938042
0.714286 0.979592 8.466209
0.714286 1.000000 9.029168
0.734694 0.000000 0.000000
0.734694 0.020408 0.047299
0.734694 0.040816 0.094795
0.734694 0.061224 0.142684
0.734694 0.081633 0.191165
0.734694 0.102041 0.240439
0.734694 0.122449 0.290711
0.734694 0.142857 0.342188
0.734694 0.163265 0.395084
0.734694 0.183673 0.449618
0.734694 0.204082 0.506015
0.734694 0.224490 0.564510
0.734694 0.244898 0.625343
0.734694 0.265306 0.688767
0.734694 0.285714 0.755043
0.734694 0.306122 0.824444
0.734694 0.326531 0.897258
0.734694 0.346939 0.973784
0.734694 0.367347 1.054338
0.734694 0.387755 1.139251
0.734694 0.408163 1.228873
0.734694 0.428571 1.323574
0.734694 0.448980 1.423742
0.734694 0.469388 1.529789
0.734694 0.489796 1.642153
0.734694 0.510204 1.761293
0.734694 0.530612 1.887701
0.734694 0.551020 2.021895
0.734694 0.571429 2.164427
0.734694 0.591837 2.315882
0.734694 0.612245 2.476881
0.734694 0.632653 2.648087
0.734694 0.653061 2.830200
0.734694 0.673469 3.023970
0.734694 0.693878 3.230192
0.734694 0.714286 3.449711
0.734694 0.734694 3.683429
0.734694 0.755102 3.932304
0.734694 0.775510 4.197359
0.734694 0.795918 4.479681
0.734694 0.816327 4.780429
0.734694 0.836735 5.100837
0.734694 0.857143 5.442219
0.734694 0.877551 5.805978
0.734694 0.897959 6.193605
0.734694 0.918367 6.606693
0.734694 0.938776 7.046937
0.734694 0.959184 7.516144
0.734694 0.979592 8.016239
0.734694 1.000000 8.549278
0.755102 0.000000 0.000000
0.755102 0.020408 0.044450
0.755102 0.040816 0.089085
0.755102 0.061224 0.134089
0.755102 0.081633 0.179649
0.755102 0.102041 0.225955
0.755102 0.122449 0.273198
0.755102 0.142857 0.321574
0.755102 0.163265 0.371283
0.755102 0.183673 0.422532
0.755102 0.204082 0.475532
0.755102 0.224490 0.530503
0.755102 0.244898 0.587672
0.755102 0.265306 0.647275
0.755102 0.285714 0.709558
0.755102 0.306122 0.774779
0.755102 0.326531 0.843206
0.755102 0.346939 0.915122
0.755102 0.367347 0.990823
0.755102 0.387755 1.070621
0.755102 0.408163 1.154844
0.755102 0.428571 1.243840
0.755102 0.448980 1.337973
0.755102 0.469388 1.437632
0.755102 0.489796 1.543227
0.755102 0.510204 1.655190
0.755102 0.530612 1.773983
0.755102 0.551020 1.900093
0.755102 0.571429 2.034039
0.755102 0.591837 2.176370
0.755102 0.612245 2.327670
0.755102 0.632653 2.488562
0.755102 0.653061 2.659705
0.755102 0.673469 2.841802
0.755102 0.693878 3.035600
0.755102 0.714286 3.241895
0.755102 0.734694 3.461534
0.755102 0.755102 3.695417
0.755102 0.775510 3.944504
0.755102 0.795918 4.209819
0.755102 0.816327 4.492449
0.755102 0.836735 4.793555
0.755102 0.857143 5.114372
0.755102 0.877551 5.456217
0.755102 0.897959 5.820493
0.755102 0.918367 6.208696
0.755102 0.938776 6.622419
0.755102 0.959184 7.063360
0.755102 0.979592 7.533329
0.755102 1.000000 8.034256
0.775510 0.000000 0.000000
0.775510 0.020408 0.041418
0.775510 0.040816 0.083008
0.775510 0.061224 0.124942
0.775510 0.081633 0.167395
0.775510 0.102041 0.210542
0.775510 0.122449 0.254562
0.775510 0.142857 0.299638
0.775510 0.163265 0.345957
0.775510 0.183673 0.393710
0.775510 0.204082 0.443095
0.775510 0.224490 0.494316
0.775510 0.244898 0.547585
0.775510 0.265306 0.603123
0.775510 0.285714 0.661157
0.775510 0.306122 0.721929
0.775510 0.326531 0.785689
0.775510 0.346939 0.852699
0.775510 0.367347 0.923237
0.775510 0.387755 0.997591
0.775510 0.408163 1.076069
0.775510 0.428571 1.158994
0.775510 0.448980 1.246707
0.775510 0.469388 1.339568
0.775510 0.489796 1.437960
0.775510 0.510204 1.542286
0.775510 0.530612 1.652976
0.775510 0.551020 1.770483
0.775510 0.571429 1.895292
0.775510 0.591837 2.027914
0.775510 0.612245 2.168894
0.775510 0.632653 2.318811
0.775510 0.653061 2.478280
0.775510 0.673469 2.647956
0.775510 0.693878 2.828535
0.775510 0.714286 3.020758
0.775510 0.734694 3.225414
0.775510 0.755102 3.443343
0.775510 0.775510 3.675440
0.775510 0.795918 3.922657
0.775510 0.816327 4.186008
0.775510 0.836735 4.466575
0.775510 0.857143 4.765508
0.775510 0.877551 5.084035
0.775510 0.897959 5.423464
0.775510 0.918367 5.785186
0.775510 0.938776 6.170688
0.775510 0.959184 6.581551
0.775510 0.979592 7.019463
0.775510 1.000000 7.486221
0.795918 0.000000 0.000000
0.795918 0.020408 0.038216
0.795918 0.040816 0.076590
0.795918 0.061224 0.115282
0.795918 0.081633 0.154453
0.795918 0.102041 0.194264
0.795918 0.122449 0.234881
0.795918 0.142857 0.276472
0.795918 0.163265 0.319209
0.795918 0.183673 0.363270
0.795918 0.204082 0.408837
0.795918 0.224490 0.456098
0.795918 0.244898 0.505249
0.795918 0.265306 0.556492
0.795918 0.285714 0.610040
0.795918 0.306122 0.666113
0.795918 0.326531 0.724943
0.795918 0.346939 0.786773
0.795918 0.367347 0.851856
0.795918 0.387755 0.920462
0.795918 0.408163 0.992873
0.795918 0.428571 1.069387
0.795918 0.448980 1.150318
0.795918 0.469388 1.235999
0.795918 0.489796 1.326784
0.795918 0.510204 1.423044
0.795918 0.530612 1.525176
0.795918 0.551020 1.633598
0.795918 0.571429 1.748757
0.795918 0.591837 1.871126
0.795918 0.612245 2.001206
0.795918 0.632653 2.139532
0.795918 0.653061 2.286672
0.795918 0.673469 2.443229
0.795918 0.693878 2.609846
0.795918 0.714286 2.787208
0.795918 0.734694 2.976041
0.795918 0.755102 3.177121
0.795918 0.775510 3.391273
0.795918 0.795918 3.619376
0.795918 0.816327 3.862367
0.795918 0.836735 4.121241
0.795918 0.857143 4.397062
0.795918 0.877551 4.690963
0.795918 0.897959 5.004148
0.795918 0.918367 5.337904
0.795918 0.938776 5.693600
0.795918 0.959184 6.072698
0.795918 0.979592 6.476752
0.795918 1.000000 6.907423
0.816327 0.000000 0.000000
0.816327 0.020408 0.034857
0.816327 0.040816 0.069858
0.816327 0.061224 0.105149
0.816327 0.081633 0.140876
0.816327 0.102041 0.177187
0.816327 0.122449 0.214234
0.816327 0.142857 0.252169
0.816327 0.163265 0.291150
0.816327 0.183673 0.331338
0.816327 0.204082 0.372899
0.816327 0.224490 0.416006
0.816327 0.244898 0.460836
0.816327 0.265306 0.507575
0.816327 0.285714 0.556416
0.816327 0.306122 0.607560
0.816327 0.326531 0.661219
0.816327 0.346939 0.717613
0.816327 0.367347 0.776976
0.816327 0.387755 0.839551
0.816327 0.408163 0.905597
0.816327 0.428571 0.975384
0.816327 0.448980 1.049201
0.816327 0.469388 1.127351
0.816327 0.489796 1.210156
0.816327 0.510204 1.297954
0.816327 0.530612 1.391108
0.816327 0.551020 1.490000
0.816327 0.571429 1.595037
0.816327 0.591837 1.706649
0.816327 0.612245 1.825294
0.816327 0.632653 1.951461
0.816327 0.653061 2.085667
0.816327 0.673469 2.228462
0.816327 0.693878 2.380433
0.816327 0.714286 2.542204
0.816327 0.734694 2.714438
0.816327 0.755102 2.897843
0.816327 0.775510 3.093171
0.816327 0.795918 3.301223
0.816327 0.816327 3.522853
0.816327 0.836735 3.758972
0.816327 0.857143 4.010548
0.816327 0.877551 4.278614
0.816327 0.897959 4.564269
0.816327 0.918367 4.868687
0.816327 0.938776 5.193117
0.816327 0.959184 5.538890
0.816327 0.979592 5.907427
0.816327 1.000000 6.300240
0.836735 0.000000 0.000000
0.836735 0.020408 0.031354
0.836735 0.040816 0.062838
0.836735 0.061224 0.094583
0.836735 0.081633 0.126720
0.836735 0.102041 0.159383
0.836735 0.122449 0.192707
0.836735 0.142857 0.226830
0.836735 0.163265 0.261894
0.836735 0.183673 0.298044
0.836735 0.204082 0.335429
0.836735 0.224490 0.374204
0.836735 0.244898 0.414529
0.836735 0.265306 0.456572
0.836735 0.285714 0.500505
0.836735 0.306122 0.546510
0.836735 0.326531 0.594777
0.836735 0.346939 0.645505
0.836735 0.367347 0.698902
0.836735 0.387755 0.755190
0.836735 0.408163 0.814599
0.836735 0.428571 0.877374
0.836735 0.448980 0.943774
0.836735 0.469388 1.014071
0.836735 0.489796 1.088555
0.836735 0.510204 1.167531
0.836735 0.530612 1.251325
0.836735 0.551020 1.340280
0.836735 0.571429 1.434762
0.836735 0.591837 1.535158
0.836735 0.612245 1.641882
0.836735 0.632653 1.755371
0.836735 0.653061 1.876091
0.836735 0.673469 2.004538
0.836735 0.693878 2.141239
0.836735 0.714286 2.286754
0.836735 0.734694 2.441682
0.836735 0.755102 2.606657
0.836735 0.775510 2.782357
0.836735 0.795918 2.969504
0.836735 0.816327 3.168864
0.836735 0.836735 3.381257
0.836735 0.857143 3.607553
0.836735 0.877551 3.848683
0.836735 0.897959 4.105634
0.836735 0.918367 4.379463
0.836735 0.938776 4.671293
0.836735 0.959184 4.982322
0.836735 0.979592 5.313827
0.836735 1.000000 5.667169
0.857143 0.000000 0.000000
0.857143 0.020408 0.027723
0.857143 0.040816 0.055560
0.857143 0.061224 0.083629
0.857143 0.081633 0.112044
0.857143 0.102041 0.140924
0.857143 0.122449 0.170388
0.857143 0.142857 0.200559
0.857143 0.163265 0.231562
0.857143 0.183673 0.263525
0.857143 0.204082 0.296580
0.857143 0.224490 0.330864
0.857143 0.244898 0.366519
0.857143 0.265306 0.403693
0.857143 0.285714 0.442538
0.857143 0.306122 0.483214
0.857143 0.326531 0.525891
0.857143 0.346939 0.570744
0.857143 0.367347 0.617957
0.857143 0.387755 0.667725
0.857143 0.408163 0.720254
0.857143 0.428571 0.775759
0.857143 0.448980 0.834468
0.857143 0.469388 0.896624
0.857143 0.489796 0.962481
0.857143 0.510204 1.032310
0.857143 0.530612 1.106399
0.857143 0.551020 1.185051
0.857143 0.571429 1.268591
0.857143 0.591837 1.357360
0.857143 0.612245 1.451723
0.857143 0.632653 1.552068
0.857143 0.653061 1.658806
0.857143 0.673469 1.772377
0.857143 0.693878 1.893245
0.857143 0.714286 2.021907
0.857143 0.734694 2.158891
0.857143 0.755102 2.304760
0.857143 0.775510 2.460111
0.857143 0.795918 2.625582
0.857143 0.816327 2.801853
0.857143 0.836735 2.989647
0.857143 0.857143 3.189735
0.857143 0.877551 3.402937
0.857143 0.897959 3.630129
0.857143 0.918367 3.872244
0.857143 0.938776 4.130274
0.857143 0.959184 4.405281
0.857143 0.979592 4.698392
0.857143 1.000000 5.010810
0.877551 0.000000 0.000000
0.877551 0.020408 0.023977
0.877551 0.040816 0.048054
0.877551 0.061224 0.072330
0.877551 0.081633 0.096907
0.877551 0.102041 0.121885
0.877551 0.122449 0.147369
0.877551 0.142857 0.173464
0.877551 0.163265 0.200279
0.877551 0.183673 0.227923
0.877551 0.204082 0.256513
0.877551 0.224490 0.286165
0.877551 0.244898 0.317003
0.877551 0.265306 0.349155
0.877551 0.285714 0.382752
0.877551 0.306122 0.417933
0.877551 0.326531 0.454845
0.877551 0.346939 0.493638
0.877551 0.367347 0.534472
0.877551 0.387755 0.577517
0.877551 0.408163 0.622949
0.877551 0.428571 0.670955
0.877551 0.448980 0.721733
0.877551 0.469388 0.775492
0.877551 0.489796 0.832452
0.877551 0.510204 0.892847
0.877551 0.530612 0.956927
0.877551 0.551020 1.024954
0.877551 0.571429 1.097207
0.877551 0.591837 1.173983
0.877551 0.612245 1.255598
0.877551 0.632653 1.342387
0.877551 0.653061 1.434705
0.877551 0.673469 1.532933
0.877551 0.693878 1.637472
0.877551 0.714286 1.748752
0.877551 0.734694 1.867230
0.877551 0.755102 1.993392
0.877551 0.775510 2.127755
0.877551 0.795918 2.270872
0.877551 0.816327 2.423329
0.877551 0.836735 2.585752
0.877551 0.857143 2.758809
0.877551 0.877551 2.943208
0.877551 0.897959 3.139707
0.877551 0.918367 3.349112
0.877551 0.938776 3.572284
0.877551 0.959184 3.810137
0.877551 0.979592 4.063649
0.877551 1.000000 4.333861
0.897959 0.000000 0.000000
0.897959 0.020408 0.020134
0.897959 0.040816 0.040351
0.897959 0.061224 0.060735
0.897959 0.081633 0.081372
0.897959 0.102041 0.102346
0.897959 0.122449 0.123744
0.897959 0.142857 0.145656
0.897959 0.163265 0.168172
0.897959 0.183673 0.191385
0.897959 0.204082 0.215391
0.897959 0.224490 0.240290
0.897959 0.244898 0.266185
0.897959 0.265306 0.293182
0.897959 0.285714 0.321393
0.897959 0.306122 0.350935
0.897959 0.326531 0.381929
0.897959 0.346939 0.414503
0.897959 0.367347 0.448792
0.897959 0.387755 0.484936
0.897959 0.408163 0.523085
0.897959 0.428571 0.563395
0.897959 0.448980 0.606033
0.897959 0.469388 0.651173
0.897959 0.489796 0.699002
0.897959 0.510204 0.749716
0.897959 0.530612 0.803523
0.897959 0.551020 0.860644
0.897959 0.571429 0.921314
0.897959 0.591837 0.985783
0.897959 0.612245 1.054314
0.897959 0.632653 1.127190
0.897959 0.653061 1.204709
0.897959 0.673469 1.287189
0.897959 0.693878 1.374970
0.897959 0.714286 1.468411
0.897959 0.734694 1.567896
0.897959 0.755102 1.673833
0.897959 0.775510 1.786656
0.897959 0.795918 1.906830
0.897959 0.816327 2.034847
0.897959 0.836735 2.171232
0.897959 0.857143 2.316546
0.897959 0.877551 2.471384
0.897959 0.897959 2.636382
0.897959 0.918367 2.812218
0.897959 0.938776 2.999613
0.897959 0.959184 3.199337
0.897959 0.979592 3.412209
0.897959 1.000000 3.639103
0.918367 0.000000 0.000000
0.918367 0.020408 0.016207
0.918367 0.040816 0.032481
0.918367 0.061224 0.048890
0.918367 0.081633 0.065502
0.918367 0.102041 0.082386
0.918367 0.122449 0.099611
0.918367 0.142857 0.117250
0.918367 0.163265 0.135374
0.918367 0.183673 0.154060
0.918367 0.204082 0.173385
0.918367 0.224490 0.193428
0.918367 0.244898 0.214272
0.918367 0.265306 0.236004
0.918367 0.285714 0.258714
0.918367 0.306122 0.282494
0.918367 0.326531 0.307443
0.918367 0.346939 0.333665
0.918367 0.367347 0.361266
0.918367 0.387755 0.390362
0.918367 0.408163 0.421071
0.918367 0.428571 0.453519
0.918367 0.448980 0.487842
0.918367 0.469388 0.524179
0.918367 0.489796 0.562680
0.918367 0.510204 0.603503
0.918367 0.530612 0.646817
0.918367 0.551020 0.692798
0.918367 0.571429 0.741636
0.918367 0.591837 0.793532
0.918367 0.612245 0.848698
0.918367 0.632653 0.907361
0.918367 0.653061 0.969762
0.918367 0.673469 1.036157
0.918367 0.693878 1.106818
0.918367 0.714286 1.182036
0.918367 0.734694 1.262119
0.918367 0.755102 1.347395
0.918367 0.775510 1.438216
0.918367 0.795918 1.534953
0.918367 0.816327 1.638003
0.918367 0.836735 1.747790
0.918367 0.857143 1.864764
0.918367 0.877551 1.989405
0.918367 0.897959 2.122225
0.918367 0.918367 2.263768
0.918367 0.938776 2.414617
0.918367 0.959184 2.575390
0.918367 0.979592 2.746746
0.918367 1.000000 2.929391
0.938776 0.000000 0.000000
0.938776 0.020408 0.012214
0.938776 0.040816 0.024479
0.938776 0.061224 0.036845
0.938776 0.081633 0.049364
0.938776 0.102041 0.062088
0.938776 0.122449 0.075069
0.938776 0.142857 0.088362
0.938776 0.163265 0.102021
0.938776 0.183673 0.116103
0.938776 0.204082 0.130666
0.938776 0.224490 0.145771
0.938776 0.244898 0.161480
0.938776 0.265306 0.177857
0.938776 0.285714 0.194971
0.938776 0.306122 0.212893
0.938776 0.326531 0.231695
0.938776 0.346939 0.251456
0.938776 0.367347 0.272257
0.938776 0.387755 0.294184
0.938776 0.408163 0.317326
0.938776 0.428571 0.341780
0.938776 0.448980 0.367646
0.938776 0.469388 0.395031
0.938776 0.489796 0.424046
0.938776 0.510204 0.454811
0.938776 0.530612 0.487452
0.938776 0.551020 0.522105
0.938776 0.571429 0.558910
0.938776 0.591837 0.598020
0.938776 0.612245 0.639594
0.938776 0.632653 0.683803
0.938776 0.653061 0.730830
0.938776 0.673469 0.780866
0.938776 0.693878 0.834118
0.938776 0.714286 0.890803
0.938776 0.734694 0.951155
0.938776 0.755102 1.015421
0.938776 0.775510 1.083865
0.938776 0.795918 1.156768
0.938776 0.816327 1.234429
0.938776 0.836735 1.317166
0.938776 0.857143 1.405320
0.938776 0.877551 1.499251
0.938776 0.897959 1.599347
0.938776 0.918367 1.706016
0.938776 0.938776 1.819699
0.938776 0.959184 1.940860
0.938776 0.979592 2.069997
0.938776 1.000000 2.207641
0.959184 0.000000 0.000000
0.959184 0.020408 0.008171
0.959184 0.040816 0.016375
0.959184 0.061224 0.024648
0.959184 0.081633 0.033022
0.959184 0.102041 0.041534
0.959184 0.122449 0.050218
0.959184 0.142857 0.059110
0.959184 0.163265 0.068248
0.959184 0.183673 0.077668
0.959184 0.204082 0.087410
0.959184 0.224490 0.097515
0.959184 0.244898 0.108023
0.959184 0.265306 0.118979
0.959184 0.285714 0.130428
0.959184 0.306122 0.142416
0.959184 0.326531 0.154994
0.959184 0.346939 0.168213
0.959184 0.367347 0.182128
0.959184 0.387755 0.196797
0.959184 0.408163 0.212278
0.959184 0.428571 0.228637
0.959184 0.448980 0.245940
0.959184 0.469388 0.264259
0.959184 0.489796 0.283669
0.959184 0.510204 0.304249
0.959184 0.530612 0.326085
0.959184 0.551020 0.349266
0.959184 0.571429 0.373888
0.959184 0.591837 0.400050
0.959184 0.612245 0.427862
0.959184 0.632653 0.457436
0.959184 0.653061 0.488895
0.959184 0.673469 0.522367
0.959184 0.693878 0.557990
0.959184 0.714286 0.595910
0.959184 0.734694 0.636283
0.959184 0.755102 0.679274
0.959184 0.775510 0.725061
0.959184 0.795918 0.773829
0.959184 0.816327 0.825781
0.959184 0.836735 0.881129
0.959184 0.857143 0.940100
0.959184 0.877551 1.002937
0.959184 0.897959 1.069896
0.959184 0.918367 1.141254
0.959184 0.938776 1.217303
0.959184 0.959184 1.298354
0.959184 0.979592 1.384742
0.959184 1.000000 1.476820
0.979592 0.000000 0.000000
0.979592 0.020408 0.004094
0.979592 0.040816 0.008204
0.979592 0.061224 0.012349
0.979592 0.081633 0.016545
0.979592 0.102041 0.020810
0.979592 0.122449 0.025161
0.979592 0.142857 0.029616
0.979592 0.163265 0.034194
0.979592 0.183673 0.038914
0.979592 0.204082 0.043795
0.979592 0.224490 0.048858
0.979592 0.244898 0.054123
0.979592 0.265306 0.059612
0.979592 0.285714 0.065348
0.979592 0.306122 0.071355
0.979592 0.326531 0.077657
0.979592 0.346939 0.084280
0.979592 0.367347 0.091252
0.979592 0.387755 0.098601
0.979592 0.408163 0.106358
0.979592 0.428571 0.114554
0.979592 0.448980 0.123223
0.979592 0.469388 0.132402
0.979592 0.489796 0.142126
0.979592 0.510204 0.152438
0.979592 0.530612 0.163378
0.979592 0.551020 0.174993
0.979592 0.571429 0.187329
0.979592 0.591837 0.200437
0.979592 0.612245 0.214371
0.979592 0.632653 0.229189
0.979592 0.653061 0.244951
0.979592 0.673469 0.261721
0.979592 0.693878 0.279569
0.979592 0.714286 0.298569
0.979592 0.734694 0.318797
0.979592 0.755102 0.340336
0.979592 0.775510 0.363277
0.979592 0.795918 0.387711
0.979592 0.816327 0.413741
0.979592 0.836735 0.441472
0.979592 0.857143 0.471018
0.979592 0.877551 0.502501
0.979592 0.897959 0.536050
0.979592 0.918367 0.571802
0.979592 0.938776 0.609904
0.979592 0.959184 0.650514
0.979592 0.979592 0.693796
0.979592 1.000000 0.739930
1.000000 0.000000 0.000000
1.000000 0.020408 0.000000
1.000000 0.040816 0.000000
1.000000 0.061224 0.000000
1.000000 0.081633 0.000000
1.000000 0.102041 0.000000
1.000000 0.122449 0.000000
1.000000 0.142857 0.000000
1.000000 0.163265 0.000000
1.000000 0.183673 0.000000
1.000000 0.204082 0.000000
1.000000 0.224490 0.000000
1.000000 0.244898 0.000000
1.000000 0.265306 0.000000
1.000000 0.285714 0.000000
1.000000 0.306122 0.000000
1.000000 0.326531 0.000000
1.000000 0.346939 0.000000
1.000000 0.367347 0.000000
1.000000 0.387755 0.000000
1.000000 0.408163 0.000000
1.000000 0.428571 0.000000
1.000000 0.448980 0.000000
1.000000 0.469388 0.000000
1.000000 0.489796 0.000000
1.000000 0.510204 0.000000
1.000000 0.530612 0.000000
1.000000 0.551020 0.000000
1.000000 0.571429 0.000000
1.000000 0.591837 0.000000
1.000000 0.612245 0.000000
1.000000 0.632653 0.000000
1.000000 0.653061 0.000000
1.000000 0.673469 0.000000
1.000000 0.693878 0.000000
1.000000 0.714286 0.000000
1.000000 0.734694 0.000000
1.000000 0.755102 0.000000
1.000000 0.775510 0.000000
1.000000 0.795918 0.000000
1.000000 0.816327 0.000000
1.000000 0.836735 0.000000
1.000000 0.857143 0.000000
1.000000 0.877551 0.000000
1.000000 0.897959 0.000000
1.000000 0.918367 0.000000
1.000000 0.938776 0.000000
1.000000 0.959184 0.000000
1.000000 0.979592 0.000000
1.000000 1.000000 0.000000
